13.786557405798519,0.4688906815878055
21.543658388270096,0.9513020108331585
12.760281057530479,0.3694636792122302
15.431255372227803,0.7022472953678023
20.506020953663636,0.9952400930581866
19.058539341724618,0.9808087834468368
16.405045496957314,0.7694396233617891
26.68534003717548,0.39631362648498825
22.30799053937741,0.8769608974182339
19.444217978323547,0.9940570431494363
14.744118787942956,0.5304854438629952
12.02728639118613,0.17280166762535237
15.584251955894013,0.7046278202386449
17.378875609448844,0.8913211457542161
27.068789033826228,0.4193075805308918
15.336440956315727,0.6657014299436602
21.253596733383358,0.967168189988134
20.009988911897292,0.999997911064427
11.63210136027391,0.2416407510482145
18.912877062700762,0.97718838930671
16.765696519479565,0.775332208655464
22.0139176456675,0.9333756414559445
24.10348731315901,0.7025743051673287
22.341264113280495,0.9110826752589
6.558185622891953,0.05340202642675577
23.056280563761415,0.8537943679982938
19.51240233529254,0.9952868497727009
14.957821790206896,0.5503128929785689
22.891076154423992,0.8675289449327297
10.706332206627332,0.2172319559682637
29.08087976498559,0.14119234841041373
19.595150931475622,0.9971687490512774
17.336140561141267,0.8614773390399038
22.254254319347503,0.8921202528433583
18.872597684588847,0.9687170142329615
17.446544042964543,0.8571297323768312
11.940042034389316,0.292016732746542
18.59460496941666,0.964658526541028
17.530044598986358,0.8844179353771735
23.477508101811345,0.7246298466959276
20.38175631441565,0.9974789353923351
26.84740079979008,0.37936182164172993
24.773935154811575,0.6068432313372673
24.262513831686398,0.627892288789167
21.78047544350325,0.9541833451998875
24.420390642302188,0.6616080894832471
20.380448069890743,0.9973939719052428
23.82304000662025,0.7252129413582764
7.449179706675142,0.05001688757794232
24.215437509021164,0.6776127956749338
18.4944730439734,0.9498017228043671
23.5099435048707,0.7679865160940502
22.651470349562707,0.8530279477268159
22.391095774842448,0.8903519105261651
22.341798105208706,0.8899602714922319
11.954221830820885,0.3049205165579544
16.521306032646972,0.7967391648028722
24.139266845566063,0.68509135903896
22.651823212319172,0.8578454391804841
25.819362146166167,0.5472065051720001
25.163913872552147,0.5351135407801729
17.595993262302507,0.8896689817756646
21.42931243182827,0.962161633889073
16.015487345129824,0.7347906720006785
21.932834661516356,0.9281283690242882
24.377906655393655,0.654638142694208
28.070349534421005,0.19077593571060086
18.395526816960185,0.9524187214376963
20.777044183265247,0.9887802748927748
23.22223409053381,0.7290756912467566
21.721888484340283,0.9392143901116244
19.689252973373083,0.9979995482543289
14.40225610005157,0.512982732915847
15.609745841356833,0.6376937266667975
18.341439961939436,0.946808704895882
17.28186170046596,0.8536343697967579
23.101146068059712,0.7808864356405152
26.127174362722982,0.4584144037640175
27.469698970211,0.3159752574469452
18.59303950543781,0.9595695037513816
19.188228518942623,0.9872614279129621
22.662736161292987,0.8757234096796981
25.182917649983388,0.5500840973698475
23.127907623445406,0.8183972559605469
22.0874912392121,0.9166842778566092
25.738451163549847,0.5061267121813198
26.128960168839647,0.5560703823189295
13.526517227351894,0.385440422665321
15.839703171645393,0.6977772308814725
23.740596914320673,0.7821438509704564
13.994543565764937,0.43705386168332455
15.478085393703314,0.6064007698110393
21.04323500266365,0.9814228595378759
20.31896859184713,0.9979955491213414
23.30758755126724,0.8131723762529478
18.679791584658695,0.9695632509207555
23.938418264448334,0.7429238246181853
29.61229393390264,0.13358994055451776
19.658455467078106,0.9972810501072796
14.439244476610948,0.4193854193608164
20.513227567618582,0.9936546812830795
16.36711514564884,0.7770742714683149
18.907959755035197,0.9736726796387439
19.5415085353406,0.9960190729986464
19.744273693109403,0.9989542089017116
24.141196692322005,0.7276218303277632
16.400605867495294,0.7101551824070246
12.602576423067209,0.33993747294613386
15.59894088469956,0.6573527353027531
24.082296812597036,0.762557133263776
22.04240038493514,0.929210268228345
24.191604837721272,0.7049794720810203
20.362366419968087,0.9973796012913734
24.74418353123226,0.6433335841591205
17.438234691428608,0.8846055369443105
19.838778991421126,0.9994939180602131
15.519929888641052,0.6637535172511974
21.88941206353624,0.9187239585915139
18.792138996874126,0.973149194338876
20.773218843005456,0.9863695895591958
18.62864236126992,0.9563344543111975
20.033732805352575,0.9999797067624887
18.6164685926297,0.9669802644436628
18.801933618908514,0.9749190463826816
11.09225567320679,0.2392588593340965
25.57739253562281,0.5389091161021107
26.21292102050001,0.4139149922911668
21.367388053408217,0.9595572209945561
22.5780154630991,0.8687728367791611
24.730869514827322,0.6791104492653344
18.08477208500589,0.9328252081347777
22.278332298334643,0.896025335371087
23.980751384505904,0.6940307433126321
14.124931250970896,0.45620238150678966
20.928942084924778,0.976376209920494
17.36704393936667,0.8541928599656768
13.500250254973711,0.4888841981915061
16.21077478530054,0.7643925471341175
23.409945868120328,0.8082329716250214
21.554791252203692,0.9542506097291579
21.338911901321726,0.9622225498114225
21.086065929169866,0.9759161541285193
23.754533342541652,0.718849303815049
25.033598706129627,0.6450223761756425
29.51694505451979,0.15754298143924278
11.563070415061325,0.2554587420776454
15.790296786240893,0.6643790105904782
24.21214514725977,0.6883399836069813
19.314289978839884,0.9903959271634276
19.678211121110895,0.9976981335891575
12.790471440665154,0.3610413809323681
21.827259002854806,0.9370854019947549
17.782308405186594,0.9021435471886178
20.998836556040317,0.9835215110866915
13.96482518282847,0.511567164016474
28.056213168984126,0.2921823861722309
23.367259838456548,0.7898335877901832
17.913950952567852,0.9200665262032103
25.002175801701533,0.6111050320891388
24.949308768666086,0.658348420799756
30.708507858000466,0.15332513669285006
24.507818684688125,0.6914368598058415
18.294099539184298,0.9476680960597492
15.342004446178768,0.6570465377723524
29.06493858319188,0.23689884693731605
17.542980244005843,0.8703583235265598
13.31632862621181,0.39276016652620843
23.563760566034343,0.809380344046379
22.01363267330634,0.9264238036511383
18.3131193739819,0.928767977191689
16.734375484941836,0.8069684895604378
17.287082707348297,0.8744189917167485
15.634913006160236,0.6426160331037498
18.17135892646813,0.9362211062332785
26.764842675524662,0.3317984994260523
18.668217856876293,0.9637765944525366
17.325149822529948,0.8701100268590328
13.196299846777764,0.38172518328963223
20.243045274529837,0.9986702971798793
12.283018808671866,0.29298176976882717
23.284121315559027,0.7958074538611488
21.192383281776046,0.9667045106838239
12.355443881619415,0.22983483536137486
26.36816708745553,0.44745522195391635
30.3115583899297,0.11354480046448034
31.636263449754303,0.0532117853370062
23.433542638764564,0.7852395486236852
26.049806416063014,0.4883237626589526
15.959440826950416,0.7413932474444483
18.522630478274962,0.95326378730945
20.118167519461075,0.9997302321358196
15.803244273965067,0.7028676264105514
14.309964117038835,0.5192433648977899
22.713214484229205,0.8587417114691128
16.527932650145484,0.7203198664938033
23.13299031948722,0.8125441857212574
12.336833533641563,0.27402460201013584
18.50597090056994,0.9575584818696679
22.29548717341985,0.9077796753072906
15.103613428360395,0.5945719812722482
19.530065489862405,0.9957757685355345
18.07911187650232,0.9140650685589266
28.096586620361496,0.23661088856122867
26.846790139360774,0.4509221568218835
22.708726041789472,0.8474171910446985
28.704298978080907,0.16779181985996983
26.380981464456124,0.3313139048565087
19.406027574818335,0.9943140578557874
20.544774524539786,0.994067514082492
16.43280905706821,0.7886953604413854
32.08924264784341,0.051433190315960595
24.261231322274348,0.7344246581380199
21.906966705996062,0.9287251253559474
20.770563872689436,0.9885684515424478
29.10351744372719,0.2475138671657816
18.273316321423547,0.9405415477833926
12.703118637569768,0.36733038508106225
14.410932412731237,0.5675221390602928
18.870153093367566,0.9709545429973069
24.71626293119882,0.6250915667823785
21.545579970009936,0.9447866551677627
18.755861976228147,0.9666271862071655
16.874804876895666,0.8417267644817452
15.659727427185405,0.6516248314699034
23.846606008851037,0.7279160606348842
22.350748701675023,0.8914663185197327
16.210481234676084,0.7799826742098815
29.1210740298048,0.1717641747095398
31.33950632971131,0.12388572973922465
16.37931418703932,0.7436823267059002
16.466238304360175,0.7822497457537885
23.434594583642756,0.7594413735879509
20.280723182962483,0.9985632861482376
19.65511856773046,0.9973644511459745
18.758544111039583,0.9750510741854066
10.042840822130762,0.1688778955273089
21.12953495096014,0.9741419870982817
21.135401085255637,0.9728191718358608
15.007392878388396,0.5760766522151323
16.532823991955432,0.8094422392088358
19.1575621060722,0.9818406473172514
24.142270441802452,0.6902714654076929
19.57872394253565,0.9966679354074209
26.101313671179312,0.4622355736963202
24.49675089586991,0.669905306102882
14.943705328548761,0.5474520039952895
19.291685960764855,0.9898697212363089
25.190956544266314,0.4511134167545145
13.745648432413699,0.45186359069738363
12.361224053920495,0.24050518533514334
20.906826834756743,0.9809299565069673
17.160395627446,0.8495845589075033
15.297057829921599,0.6846997415849901
15.984492621191595,0.7263966857251437
12.468406109211536,0.25602229015263955
21.711979601337703,0.9457097529992454
16.874720902305572,0.8179541229040147
23.0855804344676,0.8269512823064858
23.423117895944863,0.8094225463351856
18.093413277049326,0.9370312726012194
18.084672500790752,0.9306643074317027
24.264759192248974,0.7078952798632427
21.37398322075934,0.9623328994504727
22.525739717724814,0.8830581701216994
24.57746008919499,0.6230648264704599
26.544687496934078,0.4082201481187029
26.598096894985105,0.4422472258264335
22.169173060015694,0.9180568710833562
16.206424586696702,0.7601591974974755
22.8579151351456,0.8505193505141357
26.795974605422835,0.4471560701588941
18.79333330303653,0.9719887414366283
21.276808757930088,0.9627734969503194
28.284313230467017,0.26827919070153783
10.495676316242765,0.19923378799053756
14.35982240932973,0.5713857767668046
26.88692082690461,0.4005428272395642
15.907453441491931,0.684973721392005
34.159790051042194,0.019194669284912057
13.247087011203536,0.40797284095149644
32.1828466916694,0.05926290275518451
25.92739702257752,0.5052245931970721
17.612528563634758,0.8978910598170589
22.14788323436853,0.9118462252327862
15.535397775967303,0.6778020521407411
22.370936937785896,0.90351233022651
21.29760352483881,0.9618752187737541
15.60791838195674,0.6539765441014771
26.326684334539994,0.41103759043928495
24.500143311700416,0.6489898691567968
18.282702193947365,0.9422886712678655
12.984630208450486,0.3411481796014954
11.132573905926685,0.1909045557729382
25.136793019365218,0.6296794254479916
18.580687032984596,0.9561396420061525
24.043230192088693,0.7046046341122835
17.353816819942775,0.8807392493997425
37.847951594455864,0.0032150694439773203
17.969438666146868,0.9270955450352816
17.509738963684484,0.8746924250326233
22.406069908373205,0.8695920515227571
11.204310661639365,0.2245883485440209
19.761761112758364,0.9990589243372022
21.60911366112456,0.9305711365924615
27.769116952383392,0.2516861873817952
23.620704374263767,0.7641290565413582
22.351059701886996,0.8965990929244372
19.092664719700693,0.9805937034341775
20.131789792098946,0.9996960937524673
17.466869807420807,0.8740560063804995
23.818057958066948,0.7439414250945944
18.690073838033285,0.9631928597145449
19.14838679447171,0.9855951258700294
25.65945149349131,0.555250580354979
17.951108517303336,0.9118735772080352
16.746516396663758,0.7990789108689047
16.10981779446557,0.7415044422816675
19.93735067614619,0.9999094386295533
17.839649364387007,0.9007275503455991
20.99136095213051,0.9790429525890902
30.304261616518975,0.12317754124715885
28.220425476449414,0.2836485558657542
18.435128003899948,0.9598894350545508
19.626998196652718,0.9972097507000856
18.875422544012764,0.9736053996731971
15.169706626298307,0.6400803922478134
25.00313012984476,0.653905506647875
16.744701064098276,0.7824788271136395
28.369366278854564,0.23187791708059208
21.34501833700506,0.9603380790775773
14.089603404127551,0.4706767279928843
16.68448148136335,0.7818546291057686
20.904293697388507,0.9855429615855762
23.961160612430817,0.7455529140070657
25.636856524281058,0.5400220029721934
15.922149075429902,0.6718204668439272
18.873336750642316,0.9729195883990721
17.832339500207972,0.908853359230898
18.85948833230972,0.9731259046078726
8.34364232276653,0.047842153946413446
16.019988291922708,0.7240924261715304
16.893098317602544,0.8411054123499996
10.107978574697245,0.13309223646860144
20.164337285954353,0.9993969752992035
20.155405978704046,0.9994560440324707
16.320915176386436,0.7260300673941866
24.204517614385598,0.660535966583241
18.725785461700447,0.9670351181764772
19.05787550585205,0.9816656229747914
18.793769869235888,0.964694817856408
18.335518612651633,0.9457404422478157
23.074195573962644,0.8671401547732094
17.08012298968812,0.8674832183357755
16.712310159987336,0.812160754040256
14.849102764206815,0.6007850019316985
24.756434758723948,0.6608638487449632
22.176018979093616,0.9233541974429691
18.68143633650816,0.9644801660729385
7.214382014027581,0.03248249813828323
25.65284356555788,0.554080190974072
20.492980074878364,0.9950522995078915
25.397369444917658,0.5291844063062908
21.198134918395205,0.9662886072524494
19.4102129784317,0.9897300225905469
22.03436621448217,0.9116416767874217
19.406938366249523,0.9943394864786855
17.917059391038265,0.9072290894098461
20.359949225852148,0.9972447722545379
27.08345144246468,0.3655007149394685
21.43664731695357,0.96309894458722
21.067933939864925,0.9769865844055502
23.686537710127126,0.7680222987678281
17.52750663859268,0.8834891016199022
6.967571887845812,0.03914934141408771
14.324588730650405,0.5463519680946105
20.07452312480013,0.9998868988873528
25.886329565552106,0.42684224887859484
21.738234593422668,0.9525288389185176
12.123943251552717,0.3286090784583002
21.554238174468853,0.9511660068362565
18.175953979018033,0.9336527612607736
27.589864856637035,0.34269511588726437
16.336067900402938,0.7599216836382728
21.878369737935216,0.9242232469463398
25.80143825945961,0.5629365222402453
1.3615898946015363,1.190976277428535E-4
17.725398281413195,0.8943047384669659
20.85284836082252,0.983928908358961
16.345479350304103,0.7370488396738953
18.690385140535447,0.9728641702164147
19.753857668772348,0.9988040116731102
23.946045517378234,0.7369161188019335
20.539286730864923,0.9952584467341059
20.698511304797712,0.9904359619533616
16.115209863968925,0.747562330012048
19.73242559017013,0.9985505060527863
19.974753724514212,0.9999874196978803
20.111994193805064,0.9997508275726016
15.996988703426059,0.7484805420417455
20.784024842327188,0.984244497123112
26.60110391716502,0.3377948233555219
14.291737756936774,0.4732940751860737
19.064875559151737,0.9835342811891458
10.361581436954722,0.15455621205756542
4.297395036679379,0.00805765095517042
25.287508284189915,0.6014828388432929
19.587020675766613,0.9963611925244721
24.189713751911007,0.6204773991041347
16.572366072447796,0.7687118913761926
20.464360197498216,0.9954833021495103
8.981152808133894,0.1000232531392546
21.44268543799633,0.9622896178159972
20.174504454669687,0.9992339467876775
16.525407528839953,0.7747260929414891
18.951546839918926,0.9733000445696889
20.75857032886715,0.9889214301940793
23.49989382640546,0.8001268745479315
15.095581842189816,0.598787567077179
20.696670010455332,0.990814854495633
30.921976446542256,0.09309348862526502
26.927970286586053,0.3880622940875833
23.1083967560453,0.8277972226250941
10.436193651616716,0.16878824794256628
24.24834862831948,0.6972907443133584
18.391261525418212,0.947238805573438
22.731726673549467,0.8411224441905869
21.36052209799593,0.9638912374865409
17.492591593381533,0.8921661912421065
12.57740497873709,0.3634457362016654
15.5740929204973,0.691750647426823
19.309341505934526,0.9894623433026059
16.826712847823334,0.8560192631919309
17.6729043558356,0.8995558486522202
25.916846415876236,0.542104778106655
25.54254457583003,0.5665891189942541
14.806034033026215,0.5989835397590865
24.16753224719817,0.7490619416496563
23.102706769086357,0.8105157957277106
19.255518424572628,0.9887311954467843
16.497739200577175,0.7899564434667438
25.09685231383819,0.6122868482947941
24.503134630998495,0.6695168018044829
25.687964969332022,0.4428092764785054
15.227724862948184,0.6408551122393212
17.756686843633965,0.9126762293031844
22.91663170289953,0.8667708153308712
23.9581723673436,0.7114704757948139
24.28161849923459,0.6978317196730466
14.29880577122874,0.5000838062109573
16.979360305993698,0.8149027828993198
20.263823633548206,0.9987149447279854
16.633541911028882,0.7790708950822388
23.8333957684925,0.7655227531107063
17.203605270946714,0.8627839995353755
26.915993323538416,0.401181513920241
14.604833630104103,0.5915933843858548
21.197287875003564,0.9702561675382949
24.896140579746927,0.6110680936723782
18.681795515129814,0.9580484105203041
20.52002003804534,0.9936724388827308
18.392671919511134,0.9370212452909616
21.909315483683827,0.929893501737657
21.234671426424082,0.9721256799769019
25.971679005160095,0.47133054296110266
26.168943353619884,0.4556734395904817
21.014436042521826,0.9763863641231135
16.97975319325206,0.8367409396074639
22.651705135627413,0.889835170920558
20.69614176569971,0.9892741297551803
24.813292785904014,0.6122760930253248
24.30931620946974,0.7121586696936463
16.039871588042157,0.7566476718232341
22.362014903606894,0.9006904084419558
11.790059295107005,0.3249888587514897
13.034437428677201,0.3314265523008043
18.27127042453578,0.9395165427524511
16.727321541190076,0.8150495010067693
20.958706372521874,0.9845873110758154
15.328797840583055,0.6560612421480964
14.19851330256876,0.47476145047419166
21.47271553077861,0.9454947959698542
25.596292924926303,0.5370340415723184
24.052718071922506,0.7012486364915376
20.253366922010336,0.9986649815188816
29.79434974355024,0.10209905005579346
15.927658070951418,0.7230037449774491
21.431322832339166,0.9636685946072739
29.918839609848092,0.13564886041768504
23.610898460679195,0.7485068244714498
17.480627456703203,0.8805780792472035
19.246001801758478,0.9903055859904825
22.18529701550552,0.9208055041766589
13.656272472110075,0.3941437808728828
23.632627781299703,0.78114032957228
23.951483814318276,0.7307913492035677
13.647305339884234,0.3872546544304784
22.38286157528995,0.8775160891627838
15.206609181322243,0.6067153464547737
27.31227405751038,0.3968949781671726
14.150893637811155,0.5217369360401359
13.967284665458084,0.468366947480017
19.94105191647722,0.9999135365362813
27.652917998507355,0.29565659518699683
24.50394033317325,0.6678825734005188
17.497400568752738,0.8729405841314122
30.010053225245315,0.1881299409971377
13.321783431281517,0.30627419575112275
26.55243023617962,0.5136725798147279
28.306886474928376,0.2696327309923631
23.08056204794967,0.8076141124669372
15.09779637834308,0.5935336561141464
17.187092431948688,0.8525835488574837
19.062134534481604,0.9836712788399233
15.47868125777805,0.6700494755912024
16.398804484010725,0.7685728706042887
29.535274965381948,0.18316430302637868
14.029678812738982,0.5061044419862423
21.011058159222703,0.9789871777327186
21.7318392971026,0.9482928397772011
22.049109718170158,0.9097952878986507
21.164140052860102,0.9749577878641726
15.667770644731638,0.7228807638761321
14.564699465269385,0.5629120827377647
22.28521210235335,0.901950816677388
17.093403310485172,0.8699785664942434
19.997022289589285,0.9999997719625148
20.20744650525029,0.9989248957362674
18.881423087091637,0.9745075605385352
25.79613835184996,0.49286857917586213
17.427041162300213,0.8744906190503585
17.639525000171115,0.8735961984090366
12.186629506300303,0.22734723582997443
19.45724854684159,0.9941244650712712
22.66909945878451,0.8783527272961268
21.072377276686026,0.9783520345884837
16.71953509234207,0.7946317820498182
27.476618144490548,0.34367284578047436
23.053676854141628,0.8518592478092974
22.50614070343468,0.8904043001145577
23.51950198056582,0.7866252370867393
22.99312505709365,0.830993951719096
26.901853426914293,0.3341761557639142
26.225613555494775,0.48324791866378713
11.529195624333173,0.27895934336774647
24.015518687327596,0.6579075965976178
21.09121168825046,0.9782061136414049
17.069541319841143,0.8583845809104603
17.908641948390287,0.911241752848891
19.62257302237885,0.9969941488959682
16.85668540480291,0.7560496010220901
25.305343008380927,0.5103090699746327
19.91263131514098,0.9998512887268396
20.912024673517013,0.9824046729134182
21.05068861079389,0.9801680777499233
17.142697544330932,0.843189309815171
16.403812459718864,0.7248381217166238
21.928973082805804,0.9315688382218859
23.829019262284156,0.7629751888737837
18.031762488839938,0.9235993468686678
19.383520398094014,0.9929007409874631
14.774281826116725,0.524329359512157
26.221140527350002,0.4404646223783659
20.091586620327266,0.9998011507110593
18.19992577926305,0.939514377884657
28.030721928336135,0.23121324798844684
25.337345032799757,0.5764301959104701
13.638925638911545,0.4625332722068078
16.8194589551015,0.8259326259703714
19.688001445838307,0.9981743912856156
24.986086487799682,0.6179531268782785
21.340179559641967,0.9620427878065356
15.578516352297255,0.6664242295627696
17.6722653263908,0.902664273253608
20.335859307015422,0.9975167359841199
20.785850170907466,0.9882113010556528
20.99927990564625,0.9741031141802738
28.429124859055804,0.3001698690199902
24.635626542066802,0.6824033707468895
19.883795166645193,0.9996957235803721
20.79442539196316,0.9873329191039385
14.68181265836538,0.5345563629701054
23.010889131776146,0.8511671136663324
23.807752180938834,0.7485740989422076
20.15547457158742,0.9994316497300435
24.506591804062765,0.691727338094917
30.255091807099834,0.1275468649964811
13.093476614789534,0.4275711576785474
14.828059387029825,0.591539582762504
11.502725271641648,0.22643240074590676
17.736222210518577,0.8914538377478206
19.055724065759406,0.9798358000525874
27.655925414105443,0.26364136172650077
21.684035575848903,0.9474850852846298
23.50025876982468,0.7615106201749607
17.815741331608596,0.9177515324108201
26.825551701085693,0.2896071333849883
30.142945977943974,0.12956470774523668
13.759978697025785,0.5243073019832261
34.92692289836006,0.01446644628577193
22.16693777577883,0.8989175759318015
19.106861470640418,0.9838903351938779
11.654943092206604,0.28221106207223684
16.73305921506511,0.8257539125718623
15.96160199869356,0.7303353274775816
28.005394186088836,0.3216395061509392
23.1349489912563,0.7831449483181828
14.864460654141268,0.5690426646960056
21.347498416366676,0.968226536881972
28.96961437101318,0.22084237635348733
13.34452036828529,0.5160539020628325
16.47927899455599,0.7324210439254
20.765010637108457,0.9865068409734586
21.20709751145658,0.9721194671931911
15.346239569866494,0.6354212500387095
20.097545186608595,0.9998005593523104
32.249374184865786,0.023375158702059435
19.61210869085767,0.9968933774112176
19.17082595271356,0.9870118265699106
10.773837152572018,0.15923477856301
14.356784055304114,0.5749496668484638
21.52207731863054,0.9523484777099726
23.500108771270494,0.7772259213174316
28.97050570053437,0.24779038000504125
11.92431207615081,0.27365595497651585
27.654242256423053,0.2612282580347504
30.461078015024576,0.19229229537977785
29.255413159903398,0.20994953144410605
30.03602417903752,0.10576577684896164
30.7983102845757,0.09341617543115707
15.99780756352791,0.7150511143163022
22.492044319477195,0.8761831640414379
24.02044898659581,0.7297381435097553
17.331257844553537,0.8772303046393687
23.268957731011923,0.772145087174831
18.159617456721776,0.9387229452490444
20.906709866363048,0.9835204127628937
24.074826993036506,0.7108377295284358
27.454386746749925,0.2487585655249316
18.399479930052053,0.9449267685641816
29.327465367026974,0.176031498693046
22.078787181058164,0.9274072985012751
25.768255699950203,0.578129701008169
21.233979562311514,0.972174391197505
17.60150211728649,0.9037304764352422
9.377704280045888,0.09395124292393303
24.685192958361895,0.6586407428860741
21.344454489414115,0.9613849769614649
21.261222647489152,0.9691430131904173
19.758454381584265,0.9985442288556795
14.466898379008263,0.5394103454003005
26.11288284851956,0.5049106126631149
27.91303664082054,0.2929214488781412
29.47372795923406,0.16315618097230086
20.22326816826667,0.9988944627127843
22.889447973887254,0.8646075388722771
27.29426143697028,0.32138449564710836
14.564438021091476,0.508478768336594
24.636437699048898,0.6361971780234755
25.322299423100123,0.6386964260475498
19.07096419636286,0.985275785164172
28.13382512805985,0.2109516874158254
19.574146774017507,0.9966686703341414
22.970664486517986,0.813856594563672
10.429390010986735,0.16078774207323007
15.642096426065391,0.7370259711419697
21.09183204133682,0.9760364911742652
20.452103699238926,0.9953551232161173
12.609545530407717,0.2752044825764243
21.812965668368467,0.9238387817029027
27.526585558224426,0.3663079184127349
18.915079922754703,0.9782919999288364
25.20903277780792,0.5939897625006192
15.225341267400157,0.6444971688672658
21.490796142178283,0.9559477906676833
19.81947690257549,0.9993343329323686
24.301507662323708,0.6832201288276892
18.838484433755482,0.9741578303071737
15.70031413731179,0.7165478298352301
20.529673769657798,0.99456281990602
14.619781078409751,0.5609987785163979
20.40735702933779,0.9970229859905771
10.935240673854445,0.20675726558770102
24.69888655339789,0.6979899668097945
11.369374775390536,0.25440041757827647
21.404856051580712,0.9578912970949836
18.977150314485986,0.9783647342434976
25.721676835235314,0.507951080156183
17.930679739816558,0.9125849650653859
16.127272629904,0.7540701123854393
32.47621950090562,0.04116904068436473
16.376952382570067,0.7992531883700923
19.364384854885397,0.9917833716705298
25.8339628218093,0.5302985489111608
14.700152270835218,0.6195211741552618
11.182410059795574,0.17906961667678412
16.42787249068144,0.7817602613758573
16.208383838509178,0.7329502836614793
18.596685464942677,0.9595376996960309
22.494908930508096,0.878170386825287
17.85890079331009,0.9181406118906045
16.370716377287685,0.7686158764992169
10.6432336114028,0.16225676610151973
28.49951869804905,0.26077405989010066
21.49918025308297,0.9589529198880133
14.129854884733483,0.4346415881837686
21.851497749197936,0.9281225179740912
18.97967410507638,0.9803439201084627
16.22042368691503,0.7420001232319406
22.79610212002419,0.8599341986105692
13.98039320078276,0.4574998224684139
22.45310243070111,0.8767712828325416
26.71511033729708,0.4127289426336265
16.200446986901575,0.7429100829586771
15.188977869918979,0.6625866868918073
14.454009053360846,0.5878139825882422
23.821731699045635,0.7536129253432897
18.296160886657002,0.9435434758333321
22.23603263531547,0.9100020279082897
22.116956419989116,0.9218420869886144
16.825933434857678,0.828199282418718
12.452458914828846,0.28557944198628304
24.33288361416818,0.6778934874482428
23.319859788106456,0.8406311176154828
18.871821088192668,0.9768507765185996
14.59982160807661,0.5498568678432886
21.40600155391616,0.9654906872052165
20.097172633407645,0.9998011335917804
25.107142446356246,0.5935038356327929
26.42796490136229,0.5003813625704211
13.913703964138882,0.4728336064602765
21.252092228763647,0.9669692297682948
29.823527598800904,0.14637452465435702
14.569808008360926,0.5201603087377902
17.019658756943418,0.8487197637049537
11.326101577232247,0.22957257876238385
23.157934655603164,0.8085477336743176
20.994515368306253,0.9812502520491236
21.182154625742598,0.9755167994003414
15.805560157735668,0.7210167708143762
22.65226387613724,0.8586967127743135
21.495768832711946,0.9637335345539415
17.447896326815233,0.8885202222290434
26.197540388661793,0.4977006451661815
22.198856658980333,0.9263919101376433
15.149805714926913,0.5916171374817861
16.809729512149367,0.7922053929665911
20.943970935850338,0.9798407803138508
18.02893246008912,0.9314741857534035
21.525158133571217,0.957122802447578
20.1604055782159,0.999328968891993
28.902343759955606,0.17456167126218197
22.55882324192702,0.8682955370725798
26.048743978841017,0.499866732627571
24.159176996837925,0.7434262474737185
10.125281163345754,0.13191222827418014
17.46424335740145,0.8778009570899635
12.713116539697914,0.34501499082959514
19.70263333325844,0.9983073798721301
27.3476272671549,0.3161142290040507
19.296323753205535,0.9905497942282638
13.017520877270147,0.25065768962378626
17.11150504870133,0.8280902747410341
22.30508411725616,0.911076969264186
19.717201765231888,0.9981287254816074
13.225679136558613,0.3477391955612819
18.366864297725957,0.955208458157483
29.848789950019395,0.1288813162420908
20.027986597657772,0.9999846058852998
22.974605597736435,0.8477398995007618
13.80758261077743,0.5206996270424799
26.387118108586268,0.48440871696965165
21.77778728861162,0.9437274396334862
20.294409821081068,0.9982605148041166
26.77282029966992,0.4290651283762086
14.200911666631267,0.5469233111698507
17.223954887167007,0.8302748218251332
19.0331505857698,0.9822837331129914
15.00567631435118,0.5988620935356619
25.71572168563758,0.5327554153927878
19.53660884169544,0.9961746970361054
16.45934810995226,0.7419389954157698
24.397088666822913,0.6602358784533467
19.29509096361429,0.9904517902191459
18.30460350638093,0.9290172731175846
18.274685732270566,0.9398148858853936
22.302165891355926,0.8769587983738639
24.696949103869176,0.605550357817002
21.125019634224227,0.9732224780807085
21.90534475790661,0.9209137179621044
25.10825061481087,0.6323366144051218
24.157286508040237,0.7193464872772938
23.592559675228728,0.7612484706284063
16.731342487419546,0.7936543779055226
9.937806041656232,0.10539385470503851
18.45425720422438,0.9401392051048904
22.091480261783314,0.9063105779765028
17.227173123715872,0.8667435861914249
29.68049232259224,0.1674865111996345
24.43624090624292,0.6862695497137449
17.2980212991658,0.8579715294870155
27.35620883159432,0.36348726408238374
17.63506969948179,0.8812350043686077
26.128266452619137,0.5538972798487365
10.890474326041696,0.1292827489859512
22.371940476460463,0.8852935643219981
30.206055710365785,0.12802324815037516
18.071551915779875,0.9207145105785793
21.168173097653575,0.9734566324807877
20.784763832647506,0.9899463342328848
19.543410691824686,0.9950750576557994
20.564641053620363,0.9937235878061679
14.482611612659102,0.47593253380013906
14.046184507288515,0.4883685653988653
21.82506490635806,0.9359502863974939
15.694522666567526,0.667327063226568
12.70920632517139,0.39220885778887904
24.176704151169474,0.7326926919550597
20.366743801799203,0.9974981444102046
19.132140756141794,0.9846333486074619
20.375376669083103,0.9970677770137798
21.769397452390344,0.9372057408096138
26.638349035673464,0.3501800554187706
19.641240415589575,0.9971833207820093
10.803895583349727,0.19684476142906876
16.8113801535661,0.8144651323760631
20.67303114602036,0.9917738166938599
16.673103846719922,0.8313942977800202
18.977436753310073,0.977503124542674
30.363152759918975,0.0863190020114401
14.003579098878543,0.511437632198444
22.291411210815497,0.8590468236365363
21.47103937407931,0.9454343101085915
19.205362973533113,0.9893184623901182
19.816577137160493,0.999319330657086
28.605014491811474,0.1980838772314508
17.871255891086687,0.923578300281723
21.830581426547568,0.9293260111164771
24.50985751155125,0.6803945366954602
21.614654577061916,0.9452590831261793
21.5263659596095,0.9530062900723921
23.233787720404884,0.8297289194559657
21.95897269554836,0.9332290908260289
8.3312525488904,0.04969153370898452
26.86323341711106,0.3585827261111452
20.604872258801752,0.9938416998668084
22.88011514606754,0.8272429533968265
21.232106983244506,0.9690943062832819
17.841821764117512,0.9112216400024691
22.4595257780943,0.8738809945672594
23.699927107437073,0.761288177809303
15.179999595394007,0.6284262482973842
24.898298667821123,0.6565017309148384
13.659090109385922,0.4504726128312028
16.379850000599188,0.7635757513303629
24.53665764235236,0.6637730213287849
23.968930295466638,0.6590073855432517
22.718677421284454,0.8440402945850541
10.709843359559768,0.1842533575653065
13.417669365307656,0.4883617035973642
24.106833045611864,0.7487451207211328
18.28860692347198,0.9461239640474078
21.58142205676341,0.9524846299743273
20.090973720728684,0.9998357278581735
9.484326142825982,0.12577426903799582
24.47746598629237,0.6300567434589097
13.938482046386804,0.48351571695031853
10.490636700983098,0.16226573205571612
28.68105502765724,0.21683860285915108
21.406475301010346,0.9631385447337659
28.23061422993213,0.3084997536924581
15.753544656607009,0.7522384362201544
23.360993387656386,0.8015210665233818
22.10701519247978,0.9019425938183122
16.292165782697094,0.744340069817388
18.012240139172263,0.9241828782805088
20.114008232381824,0.9997475493048493
14.040195274155844,0.4845987968081478
20.387588652897957,0.9968810126438792
16.827188159414504,0.831512152597041
19.229591637500242,0.9872176688136975
23.260227637845915,0.8273567110484705
20.71237342516633,0.9911969434178893
24.281293734816796,0.6350470089993604
25.624011681051684,0.5014541800344221
13.882326476749551,0.45875149477373506
17.936721647948993,0.9257773061516568
19.614627545935146,0.997127535450461
13.965078821450149,0.5147820030844124
23.47333719886243,0.810782476656294
11.948998657448586,0.28745448439033716
17.04051656768065,0.8425121527701427
16.590153716469242,0.7262654353207929
14.00544499386801,0.554319835848301
22.60248532875455,0.8856070182036186
23.610961143370478,0.7978839518777038
17.76576795571976,0.8917435187466206
14.314607710943001,0.5486994068610802
20.909438898325003,0.983347542266932
14.506301673541268,0.5768511886324066
28.791367132385012,0.235976097430888
12.511657162731696,0.2935116459740436
10.66410801937903,0.20426594070242116
18.628203561899678,0.9631185078718801
19.219870501536878,0.9864699539755666
18.23929683182373,0.943383488032365
21.234099587073125,0.975548926256024
16.227254208344952,0.7857709205138403
22.249602966471045,0.8822828941586963
26.443447350383106,0.30802038832188927
15.448141475885308,0.6836775867542868
14.457307441529288,0.5184103906997414
16.694113947395657,0.8185767362861772
12.711890234883416,0.326962813081947
25.59796641549198,0.4788367753167896
30.401076930711348,0.08301945010890148
12.787799641420964,0.3464562871822176
14.850351351751467,0.5550878647748471
19.21059996164424,0.9858338796655558
23.59035556224546,0.7407760539593103
26.4020288277316,0.5104930905063199
30.402804776213614,0.08472936169560706
21.323061134126533,0.9596390033261902
11.154710476062169,0.18452810847981063
20.935498823012537,0.9832835468041239
27.86569967764798,0.28071252228544236
13.845736582252318,0.3689865365542333
15.025108810543514,0.5918760848544014
21.897128463469922,0.9222162807366915
11.6497304294797,0.21400933616802228
16.822322699783566,0.8273694976740601
20.30116827378053,0.9984466809955994
27.814604534615288,0.34191625364037076
21.185864708022507,0.967603418556524
26.51810715600115,0.44095430929776136
17.114560794221116,0.8327068719792231
21.280867601826674,0.9662688597157321
22.77321381547819,0.8728199270912003
20.122737158530597,0.9997008568891513
20.957839514983906,0.9811398626608341
30.577426755385822,0.17385060938949784
15.456280975436474,0.661045184677722
19.288757987667655,0.988229702507109
26.26157273726912,0.44602895972582823
29.323678330681613,0.24780152734289237
27.355037459140778,0.34750999822532175
22.950178491491666,0.8299757810629949
16.777731645826805,0.7990001285063472
24.81430365618203,0.6572197448727753
20.204334965870302,0.9991394145000436
18.501645279086585,0.9618448748254306
27.695652572903384,0.3087856235825456
18.598132851326525,0.9539473123881399
13.13932951046569,0.4007497107853674
14.259385644670282,0.5099774856082332
22.744527629796174,0.834590374357029
24.568886518279882,0.699857850221418
19.048481569332143,0.9777169153781673
14.579014166142338,0.6097605342272446
32.72001721626217,0.07473976023795455
20.716048893186898,0.990612682031
23.80837740849738,0.7061990553926103
17.45150251260517,0.8714560262741619
25.804669480840325,0.5230755616966558
26.437538914565824,0.34059483336630675
12.810760450560238,0.33771029934325025
30.50443153234414,0.11905874540112568
25.986240384449406,0.47264310849798685
11.740859965995638,0.31162612323431477
19.054911325559114,0.9819019304317217
18.476495280910676,0.9582003021071155
21.846321681313135,0.9435135651036571
19.586503979886373,0.9959021923558816
19.372481538275938,0.9933355153313954
18.691368872403697,0.9644773444519029
21.902700953836316,0.9359372857789326
18.980320654515737,0.9794787384795648
14.418870919768576,0.533726598305861
17.840850339974143,0.916467591766636
14.647897341141086,0.5761609351238484
28.0449859203852,0.17678021234260108
18.172398467646907,0.9353313701297848
14.943840867256148,0.5190778168957308
20.829811485593538,0.9859064357605881
13.65789727081389,0.41654489820287816
24.59544167254016,0.6446673816910143
26.654984554317643,0.4170708418285073
21.06765707757465,0.9778217745891593
25.942044209356375,0.48510594445611416
24.97504329675148,0.6294815914567344
19.81410789487897,0.9993605132388863
23.260469822111457,0.7997062064456498
11.232952604518605,0.20644109450217404
25.168375176359838,0.5758259283218153
27.090737312547752,0.34293838477245153
19.96522630816064,0.9999741360964542
15.462984431468495,0.593920979147175
13.77773583692361,0.499241968202946
22.98577961057933,0.8503353329198748
12.999814774873563,0.34494084901326705
16.21724268494513,0.7964195714241227
20.42060937290882,0.9956800269577639
25.314049356423197,0.5471589574094372
16.970254492135783,0.8228292613211927
17.005586447934075,0.8073866347704065
14.300080291249323,0.6058996981383934
19.937608510896673,0.9999283009207757
22.535683100088065,0.8796182132201588
17.514165865485523,0.8784701227248788
26.985054096005715,0.3733892248162932
17.754995533651094,0.8956197020432574
26.992500745899143,0.35141784629917655
24.577128540529188,0.6606513125027784
17.35902439797103,0.8749545120538984
18.364441364851924,0.9440571232363137
21.031340739585048,0.9778236919961777
15.597183856760838,0.6928202376917438
23.994589084546433,0.7717019034593442
16.023855381372783,0.7334579702890203
21.059530754181903,0.9750228073554049
16.19773833111011,0.7521056363091199
11.559303379863424,0.21659525026831872
19.13655313230066,0.987639849526589
24.456514509289136,0.6580245765702694
15.213211337799654,0.694122927905186
21.605568431780068,0.9502802191616201
17.27892635238596,0.8676785856373864
15.629310523422689,0.7172252834170865
18.046148543278186,0.9394138701545117
19.952774237825913,0.9999687022234451
22.589532563908993,0.8861632442090066
18.748042096030304,0.9684530691270361
20.36304558497036,0.9972729646065425
18.701416342967747,0.9716094256518827
19.752376853002293,0.9989802455778498
23.229206372926512,0.8084101485702675
23.843542522553783,0.7127135668293788
14.81436611791839,0.5342386702359602
22.22925541956849,0.9067232671741269
15.818703809064928,0.7264185521897376
17.528704046075866,0.8983051465298847
25.693765908955445,0.4875462585878245
19.308584623979296,0.9878581842559406
32.97212800710459,0.048579416990155125
10.875779673649854,0.2759801419440982
29.177875258048456,0.249328441478057
22.285433122244218,0.9117445214996442
16.674859429271436,0.7946679774990391
20.62817712319359,0.9926176079029159
15.330910454233235,0.7049812597306807
16.135811854641652,0.7491186832529315
22.298063114553443,0.9037374588839997
18.633388153975126,0.9534577371558797
23.293902334572692,0.7441439214189499
17.437168984630226,0.8714363199399187
20.217147483518385,0.9991659968894803
22.718281683821623,0.8640184036907965
12.108116581165165,0.38221044602462323
28.16596773265914,0.2966080571261718
24.015069820963458,0.722309477212036
22.07305286858003,0.9191587234102896
20.50224476834573,0.9943714692207632
25.79860977856364,0.5082257937418384
19.111885752661927,0.9849523365209385
17.843511982739628,0.9165293775876483
24.66912177426508,0.6921746455294248
15.071820618454673,0.6166107998970485
25.741403433306235,0.5428950699522724
24.727592082233215,0.6088637931645041
26.587336378818016,0.44076983462192226
20.165747738413433,0.9993655585909759
10.72362818081604,0.11202552529877464
17.1729490419941,0.8537911811651169
25.97551218854005,0.47266344230635526
16.347580531644642,0.7221619051836619
23.880787989169246,0.7624954261812064
17.1785216854742,0.8409186982161385
14.707498517658369,0.5738885055923509
15.565111916969698,0.6021104791112551
13.817820354733158,0.43811289503595946
19.143250970343814,0.9853480135721457
28.791083086043837,0.25559808749548013
24.690517202244394,0.626322336361751
17.039539038955404,0.8280944896550358
17.992331002853973,0.9225452822190846
11.22062092505713,0.20894116056474907
23.621683929385576,0.7495332646315777
20.22330081625781,0.9989465051121333
15.743050578562375,0.6796681800216573
17.98355336183882,0.9006901217023165
24.280352694762886,0.6881049371796409
20.09442335989194,0.9997966460843238
23.447507831055795,0.7772948593838956
18.177821326732403,0.9374814175265882
22.974041226374442,0.818059123321099
20.607614031882527,0.9924026575053534
19.14298224797955,0.9880097750431746
13.715150183159984,0.44749570733935834
22.902545107709027,0.868915775432413
26.205534851165552,0.439780477910778
24.180131719956538,0.7034048600045917
12.637219349840205,0.35278692160727093
24.08204149389673,0.7416970704781929
20.487704271901766,0.9952698821738152
23.078874090430535,0.8237478490865027
22.78999521120255,0.8574452272174159
9.806459955259786,0.21170810051212874
17.911576655449892,0.9248917455770149
19.51092508281405,0.9946024692655024
23.36044698919963,0.8115241285772721
7.496719768486514,0.05197409420873888
17.142317675720957,0.8501040683374986
23.15568660791262,0.8226881530056686
17.95343739387421,0.9269447601717716
11.375303525134223,0.23372250970000688
18.236679587694773,0.9299653847881076
17.857985531119883,0.9187232767572693
5.0973262983171495,0.026140743719198768
12.378768867739112,0.31528762614479366
27.94876875499037,0.3725303302375865
28.448833279448074,0.19530968546214728
19.285680649375294,0.990647200296107
22.05488510450295,0.9151497039278487
29.860623810071395,0.12915287764430963
13.748862681042507,0.412177256669433
16.47848247935497,0.8067095793961861
22.656170240096287,0.871936617163111
20.206045821702162,0.9991641979012165
14.066556197686937,0.48708669937365473
21.019887723240267,0.9797923033693161
22.844628315286563,0.8634125952508738
13.940890077513608,0.4711131486375086
23.914039942627213,0.7164833700771509
4.376622049893131,0.013438901206625432
21.296741845141515,0.9654880685979406
20.6485112372797,0.9931906496431933
28.604371087763774,0.21476411845342352
22.41151152406547,0.8875006369314319
14.383555441219766,0.5515145364641253
29.22579050622395,0.23881923350316467
18.815842116699475,0.9768108171618999
22.449628569040517,0.8917324140600313
26.01937488107362,0.5084610337945773
27.937785989730408,0.30411711427994415
18.976637967614103,0.9833691026310144
18.62113022292594,0.9673618798476182
29.289201714061832,0.1304751382939971
9.890261319714554,0.13188835177975136
17.067683883311037,0.8183042871604561
19.956665690359724,0.9999578705159418
18.672445635113437,0.9672759631011227
23.507947160032067,0.7543777513631882
24.294478015168878,0.664406394027047
20.744918711804655,0.9883085383987963
21.58646857186082,0.9610129089233486
16.214001216508795,0.7719393460362028
20.16661989812886,0.9994497177199843
13.893559735023832,0.46491746840795745
23.895244748245727,0.7530811974033866
15.271966184656758,0.6543795772921217
22.401857420997928,0.8821073491587179
19.983927085002723,0.9999938434161003
24.36636496095296,0.5899079394003912
20.83080609856612,0.9864804300526544
11.10307914113322,0.22311624735692837
22.194962041856986,0.9051223023595261
30.6129378439838,0.10628995822796337
20.044105775385987,0.9999582176114081
16.66618457182338,0.812316730799882
19.550921287170627,0.9958856269810628
17.12317429966295,0.8517743264993349
18.957536992545485,0.979397441620533
19.196197949874456,0.989354328728572
30.202644470354038,0.10779082630542272
23.303560371031423,0.8109179908360316
13.09250392323193,0.4026767306365042
18.717612098062354,0.9680518484785456
17.670627759134696,0.8942441800422233
16.147998008920595,0.7492743777243849
23.140408698223396,0.8358731528958522
22.518471007370593,0.8702320202663683
29.590710181483367,0.09483079559228927
23.90108995246398,0.7594741678129631
20.42690400087357,0.996874693493134
26.34260894750362,0.47556545977421666
27.897201067998388,0.26515558055665694
10.715766470627255,0.16332331208325795
23.43890642675294,0.7594013609040646
25.037975655679176,0.5591268384714898
20.240442894649522,0.9987767541263118
12.848263796899147,0.3529037260988794
16.464505922724967,0.7910128284159513
25.90994706989468,0.5437457861972574
15.214549354703953,0.5964586906087057
19.967261271003622,0.9999782813056122
19.300107526497733,0.990609442143538
20.59567463657946,0.9938959839239045
15.772470056482874,0.6644225118879143
15.2417937217044,0.6605160870261759
19.545812622725386,0.9954121007258389
19.43918007899314,0.9940717961426276
24.51858081815127,0.7043228066549752
19.35403154085994,0.9932170402094098
16.3604711357667,0.8012143833002286
23.576503775985817,0.7485576943116784
23.217159030907982,0.779989582224943
10.484245345700831,0.15336114165042147
18.384530906024434,0.9513039949837108
29.089854536876175,0.16268683447141702
20.552333831730085,0.9942524534279857
11.3989511886668,0.24795000399808131
20.165114853703418,0.9992734106438034
24.912726471698893,0.6575084180667502
18.212085319063593,0.9528422575634774
20.220291025533562,0.9990176662376676
24.42036749749937,0.7198580571646703
19.532363187975314,0.9962338604158391
22.723029143493175,0.8738093400331135
11.76758010717091,0.2584084151128039
25.541325677483275,0.5736863517140304
12.647696715287857,0.31813918864293633
12.246339031319234,0.30154819311979975
25.384929047407017,0.5706653455570304
25.3789416992638,0.6083458723211085
23.685553309951615,0.7901884538348555
21.37207131930994,0.9683114202314173
14.256093052175697,0.49591032408900615
28.48693705825155,0.2299881317351279
21.211408919512635,0.9769332981229681
21.71936077021462,0.9501634989999147
25.66203042849823,0.5231191129051265
25.280369031272564,0.6071942135815346
14.55869230392073,0.5392610062141309
11.663630054164756,0.1868335325323339
18.84585978578551,0.9736112428232928
25.882207242411926,0.551814035146508
16.596495281771894,0.8034375436952904
18.534964112500777,0.9625465335032442
16.26828974789774,0.7665337059730977
22.01830891117335,0.9239028850615488
17.221860524446658,0.8678307692690647
24.486148035084078,0.6682945629356679
24.892880987053914,0.6058082240786432
13.37702871485525,0.4857060163914236
9.34318724501043,0.1584282114327617
22.638359818451026,0.8807509980853055
18.287947599260974,0.939823087610645
19.501404603927938,0.995402850059104
24.03913032027717,0.7258400082775309
22.07494255787963,0.9111149585476641
19.223355610460615,0.9890479634648215
18.552834934122835,0.9577420404931055
26.37233710412937,0.4652746035747672
28.310686798676908,0.23416972837129724
19.105225685518644,0.9834118166149696
18.017965865532393,0.9235677762654088
22.080699543293747,0.8916047452896675
20.009535877772322,0.9999982526324612
18.606404209928943,0.9606956736667325
20.82467589959598,0.983894181960993
20.76607834852391,0.9877114326274962
20.282411574083216,0.9980071128795637
19.217681865369894,0.9869239035605729
19.29716201086959,0.986870181839865
21.545694150950688,0.9597213720088968
28.133433872604712,0.26892645764547773
17.01932891842549,0.8635761010197552
21.112512814112595,0.971309369116081
27.957108480075966,0.302606451456417
22.04095921715647,0.895356133657622
23.547410859401392,0.7859803860904879
18.59085915209321,0.9646039084829786
15.004012168834668,0.5686665730624472
22.649835283801504,0.8851239865427663
14.319442478969723,0.5323493773586938
24.861320368024558,0.6074081284848042
21.393790976282393,0.957859334170199
18.319485356312164,0.933808813346861
18.973967142393597,0.9762322513305266
16.825019387663154,0.8428769152259422
20.49996820525129,0.9949811094044695
23.27127441214232,0.7731015592139738
15.033039613864524,0.6186542471845505
20.51314742645439,0.9954710673376949
14.273604272676288,0.5588331979688421
27.37309916339961,0.3658605512879831
22.761334611579766,0.8688024011064372
22.350309164012117,0.9083465548073782
21.036965810101158,0.9800473021809566
22.139424540892968,0.9228203936231382
22.795294974391034,0.8370083350829385
15.929467961394344,0.7024987714139785
24.82284428747873,0.6174584102228082
16.88656210132838,0.8250730583520927
22.63856323124585,0.8941233865124179
20.712412555105594,0.9889736116646777
14.772602221149686,0.59154631754319
27.097759158805463,0.2999117003482979
25.087803295592046,0.6493685135683325
14.257801404620533,0.4359793687707637
21.872280475567283,0.9447361445242491
18.86846407028899,0.9746909925114201
17.84908245593032,0.9137050784912683
11.881349130736488,0.27255013970658265
30.683464113131222,0.10939074957815395
25.306818166799495,0.574582309293705
23.708390444503074,0.7524125198219078
20.893973267502243,0.9867338341171905
20.32260405979608,0.997473938128647
10.931424335438638,0.15025163928728266
16.812864162530186,0.8204770378820377
24.004040172682576,0.7363531480488272
15.074665381150247,0.6600830007393833
24.943305981473507,0.5842980165748497
19.087065294162937,0.9862731990409354
22.014519928927406,0.9161874233976599
19.370303213256424,0.992724420537959
20.582609933478484,0.9926607637952939
20.94939774070708,0.9780779320573811
19.9586705697574,0.9999618208617006
19.91901944369455,0.9998562755109732
30.414770286090956,0.13595572720189722
23.607384287663226,0.7693283646314413
21.858594237209477,0.9360106302751356
24.285758653763207,0.7396890482651901
21.332987624978745,0.9578319597030078
22.333860451203634,0.8687423450844327
24.56975351789689,0.6343715087340134
15.977815769362559,0.696895976212993
20.826790842249007,0.9864779090076328
21.49835145081673,0.9528287114799708
19.92348349425472,0.9998698553907646
18.591803063438164,0.9539017290642507
15.105522115899884,0.6605782069122264
19.264589759279833,0.9878643206441522
21.98553505540063,0.9321508299745198
18.93334723168774,0.9759473806561639
14.70777939176763,0.5658466334707818
19.166881798627603,0.9885197389080376
20.27702878739032,0.9975599044201331
20.780289058277145,0.9886019556626945
24.786246225204163,0.6049003404089988
16.821102156301155,0.7877668983769214
20.12707758772477,0.9997423450329292
22.147674537157737,0.8934116380199338
18.248967267479237,0.9319196533260659
17.22775567983276,0.8753097164102127
19.703610307937435,0.998398807743943
18.229757338494288,0.9356588779809657
19.7289095855838,0.9983134871559216
17.78770584506202,0.9204508240738529
22.220509070641278,0.8997820073433591
17.278763506138894,0.8676275445908718
15.913056511235434,0.6724616672950985
16.811001742511984,0.814356954044469
18.35947342146645,0.9328735867768774
30.012240566543106,0.14824056576244413
21.385753532254288,0.9555639873108317
21.432581461263922,0.9525205387172729
23.468532896038553,0.793698761580939
19.9744006761365,0.9999876736874601
22.641130816689724,0.8721362863220438
20.172162831263794,0.9994415555640662
26.953200808061855,0.35151876638731266
21.630593626100964,0.9515879404254788
19.936075922859025,0.9999276956504183
22.45712960269655,0.8901229246623499
19.185925239201765,0.989738727547603
24.31768784244396,0.644002055451811
23.32630424698193,0.799893640884009
12.731202994386809,0.37056321481649696
20.37247826279208,0.9972263696505742
13.54826289181719,0.49670794560873976
14.047174015796784,0.5154500719039167
20.527216576048573,0.9956344640728337
19.15724687208615,0.9857449086048485
17.91628318686398,0.9243935867178825
23.683350717042586,0.7628819681227829
19.83586769189854,0.9994018954898972
18.216867430502358,0.945203675655443
16.494509155981916,0.7851264275439082
21.470552016580427,0.9455906328661313
17.437394521829138,0.8849176145371294
22.05497423501856,0.9151898305784448
13.587511667095253,0.47973727584740544
22.364284585943572,0.891414529738827
17.600928786967465,0.9044860483172199
17.411885059857745,0.8831100245668437
16.73370563888287,0.8060343151353082
24.6955757557835,0.6816401148250963
15.471856712285636,0.6211686592485888
16.389956108710663,0.7807624350950986
19.260662113247495,0.9899674575460611
15.844681144231476,0.7322288518406499
19.290577108906877,0.9883344390715042
23.9763911068025,0.7516646648336137
20.19698531070888,0.9990751898488609
23.925362292819994,0.7318423087653418
27.870677278362148,0.3296532949229953
20.795668275772215,0.9872162445206412
14.403080963136734,0.5486938513297657
20.670240720168636,0.9913927607716754
12.488472644117284,0.30725942420779284
29.247682524355422,0.21707891383500255
20.267578222048705,0.9986924183936742
22.851319235236645,0.8604476644071367
12.59094324532477,0.3007310549131265
24.390305531099514,0.6527247429012887
15.599853952850268,0.6592198361671496
20.618918347677774,0.9915353404355937
14.550424514122504,0.5743683690678981
21.10316177934531,0.9748680196946324
15.106824393786916,0.6652747387434128
24.23978611649196,0.6705673313569143
25.034595624253747,0.561693209006739
15.740992411056443,0.6789780752667686
21.081000993870106,0.9759870524864789
20.53136498672903,0.9942035571226407
24.719635446058632,0.5906660961439882
22.16474693987148,0.911659960702807
27.462315371712215,0.29912017472928937
15.656884806000601,0.6589690545485393
26.689718254574032,0.534823183771872
28.99278947815958,0.2008894401660314
21.45599790351211,0.9605686235568679
21.896208928211,0.9251910021999029
19.572122980171294,0.9964646740302526
20.31356992762788,0.9982039572379193
12.588080983985321,0.35623678524794383
21.83323144060051,0.934055060059648
23.86827384636302,0.7493729405681648
19.305813999840577,0.9913812040837963
20.40804467215474,0.9966450425563095
24.837739763385507,0.6014525859608416
19.298872508789902,0.9888973598929667
26.686427819749067,0.3979109410761608
18.415150089661964,0.9489659376890789
25.05700497953063,0.593248872348127
19.968126889099487,0.999981519200805
18.796411994035534,0.9775624627155137
16.939475197147836,0.8451896468689742
24.279566781414243,0.7060541477148792
27.01420204553062,0.37378615083553124
21.723069620877894,0.9472579067461474
25.957432708465305,0.5108663236766858
17.601045678232666,0.8983385940857909
17.396272479611106,0.869900474892647
13.62307963540929,0.3746568376337314
14.069603864302216,0.48363448042142937
17.378074998758926,0.878030497818514
18.166120193780294,0.9223248891856471
16.422368811498682,0.7895671512790399
27.237998544553157,0.36532810579648145
27.904958507261412,0.33768429781944287
21.421130114312213,0.9549047078913054
17.467180130496953,0.8638787315799202
23.19030189168252,0.7842998363276307
18.881945157678537,0.9709674745144987
26.455092336891678,0.4859300510599293
13.830070955858492,0.5495889856090529
18.123578202092116,0.9268545736421311
27.06025945001119,0.4202262297926311
25.037706606101523,0.6346772155850314
16.17239769808131,0.7353448610994759
29.038051241807963,0.22037278379636374
26.242306827454673,0.4486717894724793
20.383374110519473,0.9965661443604463
20.31007271709785,0.997958600913936
28.249988021407496,0.23175076737871006
23.346886043174564,0.7914987843888993
31.80667559891549,0.08707436241118119
17.774090025781845,0.896445557727086
7.952008648750926,0.0626437806704116
23.316395432733053,0.8092568768530701
24.015751744062136,0.7157060646942685
17.943431084441237,0.9234557701668064
16.765902042741185,0.738220836702689
16.67178930194147,0.8439230004684942
18.550251406464408,0.9560905373894032
22.08765991399067,0.9235305447949801
16.8086465596239,0.8052533908897709
15.092698697100985,0.5710468975622502
12.377358916309838,0.2716748675360552
26.976670505231926,0.3683680338958753
8.487191376603443,0.09499485919898212
23.859734770485453,0.7561190657680819
22.93716023539291,0.8306839235484623
28.745031197655493,0.23711203278031956
19.238374458151714,0.988137716776654
17.73278262212369,0.8884665910217776
21.505767643059748,0.958747276434118
18.31912970370347,0.9565544917123885
28.2059993048405,0.24588918012437005
8.216637457867972,0.06738273512832123
16.91557312784312,0.8319643362945195
14.733103082936529,0.5718159124409885
17.131013816454878,0.859163451153308
17.784642258950758,0.896870132129151
17.655780725673754,0.8827440080321992
21.94110537444738,0.9220780999276911
25.281886497909788,0.5803049428626635
24.12269397829041,0.7083670325007826
30.562689263077687,0.130445932121294
15.644074555562486,0.6851404930583433
22.148366194743165,0.9257168242075012
14.984293310072415,0.6287921608477048
16.6477636316334,0.8153075241694431
15.601584923453181,0.7291813775293761
31.511932024365308,0.10026969469966147
24.138939653645952,0.7007941399704024
18.10934134610265,0.93267488571644
26.007475875474125,0.42710037052560523
14.01216758472091,0.45852761564312117
19.806529902904312,0.9991656915028889
17.208983001421707,0.8389374425548927
12.822745023043236,0.31154336800659205
21.014104630951966,0.9779966375924103
19.753462344471977,0.99852820657524
25.990865318816486,0.5017997741149233
15.952300836436375,0.7174305146860012
12.023335370877799,0.31688737280285223
14.685473448361005,0.5177907278647248
26.64238547570416,0.4739656729704911
21.593592114427494,0.9551812921197951
27.486719986375974,0.3465989022635656
13.790510048180314,0.5256103909226797
27.527943588252796,0.3155737810493095
8.416628004141156,0.06108039346339549
20.67432247235398,0.9910764152310787
16.78443189591219,0.7792551509019024
21.919029298792623,0.934050570999227
16.27805608071781,0.7926126759132838
28.18809135060144,0.2961667737869674
24.324289935786645,0.6567988680263416
22.232488630912613,0.8812851154451523
16.754812794287165,0.7746730686685521
19.070495094669425,0.9826475823558116
22.751090785707298,0.8381489084423871
21.782907358398212,0.9328290590666779
22.302464298640274,0.9108641055129351
26.089416112868435,0.45969768713030607
21.92084669986425,0.9264429881905044
9.782870927868405,0.13753190502954274
10.999730006636701,0.15236508411208802
20.15171380630905,0.9994463250771073
24.16544096596817,0.6731755499116692
19.12492858598224,0.9849083339422314
21.947248601375428,0.9320654736311031
29.632751121136575,0.1755332195656058
19.637165764360322,0.9976478361793479
13.69793781981313,0.44616785855619634
21.772190289093608,0.9326673367837207
17.11093052733002,0.8218711074490426
25.073394626842585,0.5962924269278734
24.183481259587396,0.6638810286596044
22.598117385227567,0.875841254899923
23.12167550128962,0.8135936860279284
22.492310485464014,0.8938228775914115
14.503860571841198,0.5498556327595662
19.47382580793122,0.9945921531060717
22.595650269385626,0.8978460431350203
15.6045933905495,0.6586776265468632
16.453720903409522,0.7844586508692173
12.77821813137961,0.40546860666628476
14.90425722194484,0.6353481779875809
24.72397296551334,0.6775269290858679
23.846964389732793,0.7263766591606509
14.815526770358225,0.5719024169623242
13.545417509129411,0.4438599465781292
12.206279202508522,0.26595743967657437
21.292678987953018,0.9605510098150568
20.411150635459567,0.9967346492902145
23.057449121940724,0.8243665811866454
22.819190016455167,0.8437715965491148
27.628430344747034,0.4026128725643166
18.1591952299679,0.9286049160919402
19.70543220184388,0.9981381272060194
24.241816477506752,0.6457211938783743
16.041491550294296,0.7074431652402758
12.38274961199743,0.307701719189434
22.514441976343353,0.8582555533150436
18.098780436472854,0.9382215040031322
22.371000377245007,0.8803020473208444
17.695793081239504,0.9050477815796635
25.491595066167385,0.5764932776614259
26.824772598199726,0.5057452301804362
24.96592542767327,0.5986941319958891
26.719091503230096,0.4145449846972621
14.699694586112539,0.5324234286053413
17.627518921884647,0.909311982476588
22.65648607795431,0.8921504722213223
11.521559156862516,0.17278623811111618
18.19066971834819,0.9350742359509833
22.838945393600902,0.8575381793667335
22.873609654587526,0.8337399976977562
21.1247847600877,0.9771193323360626
19.759223986884543,0.9988309576315582
18.44956632053687,0.9600264478527196
26.872344176187607,0.3842511840144535
20.544720906763075,0.9934131729201993
15.854501552137656,0.6609733006036391
23.48150127566404,0.7740770202496857
29.552109449927904,0.1939238728459132
16.436045338358312,0.7654014821305287
13.449497354275955,0.35220842403817515
35.21424627904693,0.006011450004960295
19.738343214222564,0.9989206060943736
24.579858323677108,0.6498337751665545
28.06320836099649,0.2465139327519871
25.69935672839619,0.5958653655740725
13.055690583162988,0.4662384113841143
24.797678404716372,0.629366954475876
15.28832449735425,0.5771069608522197
13.470777994552614,0.48811370384675973
21.3471157715045,0.9670847470982911
21.60257822544847,0.960352903913958
15.704434655408583,0.7220738772036412
18.555295700236833,0.9556729093922494
24.036193045876885,0.7360744672417489
25.12534703624211,0.6033947160039546
26.794533439478425,0.36590275949859785
8.999837997389584,0.09961580759227588
13.88492756950281,0.481118793636342
21.014139517806733,0.9814922133630624
20.30753151485009,0.9980604730051861
26.515833189649886,0.4392629882090989
23.37488161386549,0.8156908558480462
24.216565710236885,0.7209787747912939
20.29295834401556,0.99837063542482
16.36430626304489,0.7743658378894948
21.707349936925283,0.9377553646759439
20.67788827625238,0.9918349199335741
11.488078337366469,0.20971854346332108
22.118453207319654,0.9166811311485095
24.672279099187673,0.6214581311467259
17.84774473394279,0.9224566603629732
17.42494126990888,0.8788801802121261
16.784744770599076,0.8091663198666322
26.54460020201965,0.4272897474877145
25.319141278584755,0.6750591904216665
17.2375638015898,0.8641625255389412
16.78287207791808,0.835112445900163
22.39719059497467,0.9019383624568378
15.941433085664466,0.7513719490008799
23.05929307356409,0.83973304452499
30.847338786756062,0.09676884119112766
17.043761398537782,0.8645615674920992
29.972497201533237,0.06939453098146278
21.10039261610909,0.9731562343702953
17.410171484943135,0.8756478266305435
21.197464970880162,0.9664213712646659
20.784231237899085,0.9870763546658963
24.331655397178892,0.690820494633896
20.677319300446655,0.9908162549078039
25.67959986643971,0.5159202813423157
17.239144646213063,0.8465404146228802
23.568107362816992,0.7725410272555586
15.991826255540591,0.7284641676994889
18.46708721900532,0.9513111268770743
11.228065135865059,0.19464439963353064
21.019202297216896,0.9814945166819866
26.151817011339265,0.5005543766314258
18.555021517926253,0.9647341235446759
21.37864968195827,0.9554485298419249
24.67182860376984,0.5976140849145016
10.10927947865388,0.16479086177714633
13.366725743559243,0.41160164448654113
16.25890055740899,0.7345147180696181
14.846572321076003,0.6381928332419345
13.434073774743503,0.3632774937227369
22.428421191740416,0.8768874692163626
18.242317011411572,0.9388565602735763
20.065309746998334,0.9999213330745913
17.78798317013981,0.9145406294046255
17.101493058549607,0.8394917739171616
21.167034751564834,0.974984738192021
11.170762510162053,0.2202195398534273
14.336083484713257,0.5370394613689105
22.87339722942055,0.854989992267864
19.021088966374336,0.9771318283303831
24.037474490823612,0.7234398353071797
15.931084647535563,0.7324788749827957
21.522179776788178,0.953261605789124
24.51885183890692,0.6577657766282247
24.891628667747042,0.544631235954915
5.241988368169936,0.005980652009083422
16.06300900866233,0.716667254047121
16.333323560005606,0.7435666283870846
33.59683963023471,0.028253525904985793
7.485197628516785,0.05165534294401404
22.76161344748976,0.84484543730189
8.975424937068187,0.10992742833843826
23.1923485911618,0.8160142434539626
17.6408345823663,0.8617032939504805
17.309837940114967,0.8656108638248462
24.54864708670715,0.6242057700716611
14.499739310800607,0.536986391378667
24.42136412800984,0.7224586753529466
14.221452066990688,0.5217274103783077
19.961180358821604,0.9999740372695679
12.822415972475918,0.38092936004688244
14.129971904030702,0.5264702420753671
17.46919427893939,0.8882620385351391
27.67848122316063,0.33415010732046324
20.916660225577452,0.98405459182767
18.942248342585163,0.9792556830803609
14.017585398903357,0.4845378955400585
21.240921372947227,0.969956933871462
26.27129976008874,0.4312879831019117
16.216023886666203,0.7577400219062714
16.71170589342247,0.7995203023249974
22.89923154233513,0.8324413797898985
22.89432933425827,0.830413375461459
18.137530814155454,0.9169245563453966
19.02722012836669,0.9836265254584735
18.373647959055965,0.9509696402821816
18.040653567747707,0.9159130460759467
22.669036422904306,0.8596869878846958
18.30018314496241,0.9448954610651892
19.892847428724668,0.9997058454456546
20.5650354779856,0.9944421702104717
20.713317861946166,0.9884238733123386
18.752716203962013,0.9741045520416225
22.168104281665688,0.9082755800632646
18.97323168493297,0.9813976734298837
17.602455061262507,0.8751841494914869
27.625229909661467,0.3249375505648191
21.679757861633526,0.9416682171073769
22.986349575763334,0.8581903619522531
15.024944400047232,0.5625813682862282
20.77876090843487,0.989630574267104
15.69774585516032,0.7135200779245321
17.952741479558995,0.9182808235020903
21.12737528914883,0.971734636259454
20.76224957974292,0.9864315398614701
20.461112199144353,0.9959425122911851
9.642470247449033,0.1370492238638024
23.66968958510216,0.7492113588085293
23.1193273978845,0.8132801615011784
20.20096535088737,0.9992963199100617
24.616612810954493,0.6595789767405325
17.222694914507347,0.8591381942389971
18.569221433701664,0.9634233748611164
20.308108137635745,0.9980680234138063
25.630868816075356,0.44459742160003735
24.35277250319941,0.6376606383449456
7.963685354366394,0.07379255816227438
21.47879447772319,0.9566834158492169
20.169261320060365,0.999323985903728
13.50025620352996,0.4747294561191198
16.591144808267632,0.809049558230466
19.842899185680572,0.999501994298132
19.59432110804475,0.9969576042154351
19.38755906542003,0.9933279778986581
18.29044130090019,0.9345626999057428
15.790393432614147,0.7476264751170846
17.89029507387245,0.883441547957502
21.593059636725787,0.9589010079951304
21.65512813315955,0.948104007342536
20.716046755857608,0.9914474663253379
15.525521021239076,0.65897378673702
21.412229077417955,0.9633584285761932
15.946830569711837,0.7290286602333375
3.8867030915328726,0.026234530632227516
16.594519366379718,0.7760452006945947
32.107017408699235,0.05150111075074694
17.594849017288393,0.8864345311055734
22.04383318612948,0.9212006310006191
15.557570307759319,0.6300157028038441
14.742065432736,0.5899891257829077
23.108237504061044,0.8085672488494022
26.10087703035167,0.4604185103822068
18.534733170938853,0.9590301784280131
20.5203625630287,0.9937591509617972
24.321633827862136,0.6933784034559856
15.77099824223899,0.7397167156990235
30.92671128944935,0.0630277248763689
27.754209948797296,0.29767228445836585
27.434648151280033,0.36076869838079273
23.74537558651901,0.7792749132101523
21.628691487895885,0.9423477656413077
23.48943583294365,0.768945038848825
16.338069188661905,0.758250801974999
22.604309753624978,0.8808744820713047
19.768408723318892,0.998971250078196
11.565563802207322,0.28053964410356774
20.88756799630451,0.9868206605495462
27.867310055940905,0.28532390680069325
9.308291431213773,0.10420057428712873
14.835455284828079,0.5514029018979248
11.609560900863892,0.2134533100957046
26.193366351402204,0.510048154068297
16.81897248551601,0.8010588308887482
11.596020888196492,0.18090311977188453
32.74815890173841,0.04499707936162126
9.269056045893473,0.07100247095143271
26.792774908763256,0.42639617486293646
13.011088615714268,0.38512744794534176
23.411741002687357,0.7868213837870159
11.475490055780517,0.29516229923717624
8.163234850328909,0.0977819831981697
19.633507955758486,0.9976417708206773
24.166327417757174,0.6944606028907244
18.119192770750296,0.9171481560991683
26.21255441580427,0.5153984152218348
6.84087926600127,0.05709277785823275
25.379735581669124,0.49799535455314076
17.156269301657044,0.8684465064286485
18.668184549358674,0.968452049782811
13.80452425812563,0.4740048047508051
17.456758769953392,0.8696373750297983
21.848983628271,0.9483230245536234
28.57628309298107,0.20912109385592184
18.688575135717656,0.9626231151796548
15.443690554783412,0.6205967706013035
9.054600892755095,0.09272819434870291
13.516703515237335,0.46409617099595807
14.047742362348341,0.503127808233838
16.940260121170247,0.8598174978787785
24.066422480590116,0.7189462678233064
16.964296324267465,0.8219155578881879
19.66488257608711,0.9979519135200748
21.34054033644525,0.9678458560534069
20.470837176346457,0.9963622951636003
20.627605761299826,0.9935897001687723
18.707114672809233,0.9695827098574794
21.01255681969506,0.9774230259111185
18.471168406064447,0.9550920008932773
17.65707667135165,0.8847032517071681
12.628533602486755,0.4017845778233912
15.53043107261849,0.7213807261010267
12.635917648339564,0.3705527642642823
18.14718786400699,0.9321973661618008
21.16210419126976,0.9744113114203203
21.898434159038835,0.9243066441600751
23.426947789328267,0.7979593080505533
22.12216788530415,0.9138562830092888
25.72213341000633,0.552960600774117
16.414232485237505,0.7620500408753421
24.386493781012717,0.7147497697747245
18.642578732577306,0.9703959125271913
10.961190318951102,0.23694260994849317
17.190546520305897,0.8822159409949232
14.37286667947659,0.5724917654387884
20.42116075742565,0.9967481603447584
16.725791464381604,0.8124776444832658
20.856743530947874,0.9866333331237234
20.4502486937977,0.9958571852590365
19.848694799526093,0.9995749278457406
26.47548794828058,0.43366841738468465
20.575731847187186,0.9931757680680171
12.031005478340234,0.26232924680983466
17.505165276886707,0.8775440430889738
22.69578846243664,0.8529307294334344
13.036424417441316,0.44105967949706676
19.32282974796226,0.9913906859879267
23.6987577926451,0.7247416175824398
23.713362321251267,0.6793096095564372
25.76021059296604,0.4582008738053654
34.39729868318574,0.024055431671444683
16.905591189778313,0.8354590888704428
24.080920232364726,0.6984622229699804
25.830657663691653,0.5474327523074369
18.415343931368795,0.9502804848400537
28.343904850880957,0.2561018274171234
25.975685812030157,0.5287856806774329
23.50840835172715,0.8160670605610505
24.207028498279794,0.6351213217199934
13.082037798069342,0.3634197007706646
14.57589337904341,0.6006686532797592
19.050553945673013,0.9796849061003134
14.356091601556178,0.5536675798141129
22.26039081526377,0.9000844701158344
26.429157748167206,0.5011763190921938
17.631073640203958,0.8762984299911771
22.297164210151642,0.894486047351704
19.814009084556744,0.9993337996569156
20.608358287027997,0.9943352075602652
16.347971395895428,0.790562522696689
25.544147165504235,0.45294230287364085
15.910697186538183,0.7117293676648108
21.11814201504005,0.9720270848096361
17.702711082251295,0.8998754174077388
17.14063248071832,0.8396455018577179
25.717564419274513,0.5197010094944998
20.297503265693216,0.9980253837396519
10.733203603283407,0.19400475888508753
24.636815624263143,0.6540954933738106
10.610297225094632,0.13715699302761206
22.594505444931137,0.8723940515222804
18.866745035705378,0.9760704972998788
13.269141540745029,0.41262287573956985
25.702600362301073,0.5120896873321897
19.717519853170742,0.9980862585024428
23.085690622205885,0.8443638289739045
26.493994424940876,0.42087850869945126
15.98357935518412,0.7610432033491511
19.35827267218676,0.9919428387266007
16.582908752289086,0.8052543057157364
7.264354318923175,0.026008441971244755
27.221122489117764,0.3579332171964403
15.688286177006281,0.7189252540578832
16.301913939280876,0.7243086669224048
18.031203389422853,0.9320789494399068
18.72297615445514,0.9684313358090044
25.17056968425245,0.5900327665666285
13.03428853793017,0.3604835301598373
22.291312052166628,0.8960030754303115
23.93552024882119,0.7226305680788502
20.052333778530116,0.9999546459889141
23.155292623166257,0.8313191314861772
23.76222486491536,0.7697067344861921
22.896864610993696,0.8372175903796846
30.973826390517317,0.11022742361028916
27.829986906007413,0.39340440301306034
21.725967081867697,0.9444896978977977
14.027121155140538,0.5313689494497208
19.79437719789416,0.9989265353258585
21.044831049069096,0.980766281411111
16.654616799133297,0.8282602309017708
22.775368194556375,0.8402930659504624
25.60342751344239,0.50714727973646
24.02809364520549,0.7083434829376315
17.983465507997096,0.9170671744000226
18.344095809835373,0.9432167944844726
19.757148294397858,0.9987966550375893
21.496801580223686,0.9597212467922588
19.93297716072727,0.9999028008626308
22.266631683711275,0.8841463368407445
18.973741402544835,0.9791248487820505
15.625838528400365,0.7040056117932253
12.825135769445009,0.35029140979576856
20.431952673343915,0.9960373981570037
19.51166470731813,0.9954191837429366
19.647439014371493,0.9975949101568824
27.601820953367316,0.30935044340798556
19.64021339846992,0.9973450379599316
23.57699768683888,0.7915802737800371
18.65561215161097,0.9643274555117618
24.361610599657954,0.6486228286202067
25.878582128463478,0.5012367463654356
27.042458917196612,0.34468304002048533
21.660830785374106,0.9459926895291131
20.94377865801146,0.9823107764698821
20.230909638262162,0.9989160803023305
23.479295369163037,0.7799662404971863
18.15686118926412,0.9340427794765283
27.239068432066826,0.2503325806149054
13.494418664375026,0.41452678064204973
20.76612628157086,0.9890381514523529
20.170406156851918,0.9993972817036626
12.732116523751941,0.36448038589242304
17.791286462904075,0.902102539067207
20.9548852952646,0.9785926858465247
21.808629376871906,0.9357773061829425
12.36881673122262,0.24271103971432653
24.20463007849733,0.7334184977572732
10.097124808554437,0.19384487134670914
22.28242032995642,0.9071085180961915
18.585501939071868,0.960520228117287
13.497437077730943,0.4266770139934576
19.757828966323764,0.998685444921814
23.471091129454795,0.7435971196010221
21.272685239787382,0.9670935801061895
20.680426257455746,0.9896869391277204
16.496051297228615,0.7324672965204483
16.78462980181814,0.7792749183784752
22.012175490892734,0.9237347148378536
16.37886679166082,0.7961201997679758
15.90649512158853,0.704005683249265
22.95302332006548,0.8388617591071162
24.73881894626867,0.6259695519384108
12.12198425831269,0.3628262718834438
23.852183599812843,0.770864449324611
15.892338816641992,0.6889440494649268
25.42509048498735,0.49888734768708487
14.277065307889501,0.5455983656596253
18.52280424963922,0.9687278450298
20.39488657285153,0.9967641819340038
20.597143678356563,0.9932241531386322
20.352117068074296,0.9976230049327205
15.2255269690116,0.5408541699544818
15.482248267991007,0.6167952819287681
17.639164633909644,0.8928738032057053
23.868651281495865,0.7311988890399891
15.645686152109432,0.6935007224086049
20.683429790492806,0.9926992578285629
21.330806189862106,0.961305740593758
17.768917040133346,0.9069075335626271
20.748929022715153,0.9901389959526352
25.709694768261198,0.5023220987603058
20.066151558925206,0.9999130845557467
26.336951176379568,0.4711138240287649
22.7345095493155,0.8574057225802165
26.839144557871872,0.3655280949392323
16.00183582165022,0.7485475797808857
17.190066708156024,0.8427194609438173
12.216605075417641,0.2820577709049528
22.53515392907317,0.8809770287472886
17.387317145316782,0.8828315642734627
15.87337327263056,0.6863604324078738
15.218359693125855,0.6056583882218722
23.009411696768495,0.8172583685396834
24.77342659681031,0.6137140450215836
21.099057805562342,0.9710117007684698
21.17093237831501,0.9747263051649617
19.9266783491828,0.9998827586886957
15.15079422561351,0.6182463855699704
18.488733709558954,0.951977782535891
24.474411995944536,0.7077533198687874
25.004455552283353,0.6212977221010172
25.15923190231244,0.6188476207892207
18.65550736455615,0.9654966440599075
20.635143705647998,0.9941769662459345
20.0779115080161,0.9998825359985565
23.400761561766632,0.7659933183483699
21.529721247329537,0.9499133041561523
13.275444015802098,0.4238923930334855
20.211385694292417,0.9990689069774796
9.069044925976653,0.07062818580145126
11.337123363068761,0.20012102331752088
30.625260201098996,0.12980382304484006
15.816632618613635,0.7007551215814505
17.313648148996357,0.8668724884739754
26.70730030557454,0.36527037224473446
18.823887207190495,0.974176424724212
20.303640204376205,0.9981204603162306
15.374150655401698,0.7049349435098127
14.745511600259515,0.5445546868206829
16.928556318796634,0.7904988845648571
18.416859355263,0.9493550454083081
17.167332326375735,0.847028470891429
16.03413096082738,0.7046051186137016
13.62552330356245,0.46754716279446734
22.82618244611941,0.8275218383081612
21.313326151150253,0.9590478186182209
26.66413922742163,0.4396820265878059
10.896400785404465,0.1689319012302822
13.621181640465341,0.4310369594310948
19.22304980188336,0.9862237819918731
18.939582286327834,0.9761113671025397
26.258866489577144,0.413686420224813
14.259255744168101,0.5046646851480316
18.771127154144885,0.9707435728312653
21.470325684093847,0.9491630095259204
21.117495697434062,0.9739708921822011
17.459030209033834,0.8808812735854498
22.24276122987046,0.8955589770746009
25.78834338967644,0.5679836382146425
14.559820122297356,0.5019055474180641
5.538325668703703,0.010482932176166011
27.648807812682424,0.26452577393674465
16.418940923066295,0.7585835442444706
16.95902041878136,0.7983114876549368
27.513244264517695,0.2962328521406789
24.662772457332547,0.6238422614977768
27.2747708265364,0.4099014767275117
11.934849777251271,0.31081559480817367
19.823911104939523,0.9993018141117657
15.864683836729746,0.7154102892334414
21.015009338658242,0.978332184618588
24.367848751317783,0.6873286835165311
15.319639398809787,0.690976619748627
28.744005977333224,0.24867067597728093
21.743054468848626,0.9437704249617433
24.98877310386559,0.6262958842666045
13.438399863493657,0.4380107007802358
18.656772640243712,0.9617625322380862
23.928136704189335,0.7251204788706926
17.498775697978054,0.8826383447722987
19.27097512683807,0.9890713358430466
25.597934672004357,0.4907944419691095
21.064855389081778,0.9817493051770714
22.28732722029068,0.8938222152076563
21.096217243387287,0.9778970338376096
17.573723286327667,0.8666817574414305
28.99497235860219,0.23756993450959735
12.187364835623569,0.2620183588741655
16.75709539932862,0.7871571858312074
26.091900234255846,0.4593698192883036
34.644543161882766,0.010228730547479258
8.098817834960789,0.04864899841772565
16.015804081061187,0.7265135233443405
19.243376756701885,0.9887302370439413
21.850745627687317,0.9418276635138604
23.413396421906878,0.7653985925404211
13.459932150605663,0.4446476841758628
19.37026501623303,0.9917222347167978
18.79755743440138,0.9690670596480041
17.85351097461201,0.9145037195212782
12.913927933931628,0.28326843403801594
23.302138559254768,0.8020605706733009
18.499527982203176,0.9516527489828959
15.640840313638504,0.6186627115859201
28.007762288414646,0.34564085844271725
30.561383705831737,0.12983042286622254
21.43843287564454,0.9640728200144896
20.255484040529986,0.9986473080432509
26.888233732061874,0.3235488993357781
14.922524611457247,0.5920792458470512
16.201371506213125,0.6916575493566378
23.345351059988936,0.7884948239043307
29.999700247552227,0.13922377463270982
16.31560852081847,0.7759354796883482
27.704281946783826,0.275737900271929
17.32877200330973,0.8590850222703333
11.100110174554544,0.18268224878466144
24.628951550681833,0.7102385796617089
21.136891052913214,0.9786697328861448
24.590933540319057,0.6010578890073948
23.146310387685002,0.8135890028753857
23.72008317049646,0.7614446516345384
17.33444863499541,0.8737365565228756
17.91012534710796,0.9111318981350942
22.196550530287766,0.9046537588677745
19.326080062226485,0.9925878352738557
16.702203939113318,0.8165155443373846
18.808194109016373,0.9759944381401501
21.59039842740582,0.9483256654621901
16.637635222955385,0.7768619850398784
19.5190126296255,0.9953830968323052
21.64777673320763,0.9437877919900204
26.017893867802947,0.44638583285458533
19.856467098416815,0.9996004710677406
17.490005023332586,0.8966490722566771
14.32406010523908,0.43781151729189977
14.419947927320308,0.5431408540649167
18.18046119125678,0.9313196151661666
22.596727670324725,0.8841599403483694
21.17617977756171,0.9703415121167238
14.147755570854795,0.5667057371025445
26.153837261126434,0.5300805433069479
20.642263039345863,0.9921661335052087
16.863920888036684,0.8196651209961591
22.397427147307223,0.8904928158006264
17.076934333818812,0.8567311809334424
25.667088465060033,0.5403306837273092
19.662430241494988,0.9977072376270514
16.74879419791757,0.8265455785993688
24.501193566619385,0.6598938479532054
22.94959461100012,0.8407336612468107
18.85785164366763,0.9775433086775589
10.134885297329175,0.17075438409487723
17.738119430952953,0.8976371167131484
18.46535966038946,0.9444696072034695
15.120131209103317,0.6123381106227141
24.16849009538572,0.6508429832253091
23.797992365900758,0.742889407062078
21.282289228443258,0.9715475624285284
18.65302066301764,0.965371255111618
19.979529791975594,0.9999907759512792
21.218638399017156,0.971509701906554
17.507299358407167,0.8888372301578781
17.45777562611724,0.8782352965896038
26.133063051223587,0.4783352281155687
10.149359518639544,0.14990660329124314
20.9580828185478,0.9822276350993644
17.39080443448228,0.8431200977108695
18.30410343304823,0.9433396816233761
19.22632125936459,0.987931439619185
22.30039116556368,0.9027795807494307
20.139162633539897,0.9995550077491956
14.660606601824886,0.6264270030643249
13.45685403851396,0.4598131972843622
13.712434783318102,0.48186855939153833
30.514300940348157,0.1078063898473696
21.511214429730373,0.9447350899086894
23.757827867520675,0.7465080448840157
13.841332738914682,0.48595366571852566
14.09861488111591,0.4929744330443467
23.833606822878302,0.7538455852549436
16.582899053635355,0.7580448222622291
18.3213292563972,0.9440326010964417
27.014072590469606,0.34493131139905125
26.49049158131237,0.28798056962108304
25.722928128358628,0.5522562483655629
23.011865641896943,0.8253046155497252
23.34742329899609,0.8073639377467617
20.59903665249768,0.9924634985757279
20.90699741925231,0.9853224573579944
34.06918045103465,0.04180249155791969
22.64705920807422,0.8655224569912788
25.691949329173564,0.4683165225146151
18.59935510788491,0.9557116250274271
16.17410469302729,0.6983759165417032
20.258825201345783,0.9985959657360283
16.005559223841555,0.7150257476357073
18.43219617771832,0.9521896532123096
24.08452245196341,0.7553195585732704
18.40415548789114,0.9580757250277179
20.682586366503934,0.9888906434176633
14.990888229727739,0.6252350485340532
21.217427193247445,0.969195825496818
21.383147071527333,0.9612640961260444
17.504204190140804,0.8809440957109457
24.276858114477513,0.704604307062675
18.55865833970063,0.9531146178581622
7.9685953768575235,0.0656736979035541
23.247011437593912,0.8147018412045073
15.101032131055561,0.6085258524831777
21.74042596263318,0.9546052319993912
18.542221033737214,0.9623394456666697
19.108259630360866,0.9844145792217887
18.822984145352134,0.9740931454879282
15.364577125487397,0.639613100448626
31.81053330336298,0.09918273463876855
24.648570065866664,0.6321612576062864
16.842444975452235,0.7871519183515522
14.0286229267788,0.4313742014528664
25.062378258721118,0.5750706299443029
21.838772821514972,0.9342639951972755
21.541794377036794,0.9556987148175558
14.036122143705072,0.5088014132570321
23.825465522048418,0.7775494736216656
12.501093201196042,0.3202119145102122
35.17795727726866,0.010394746572185294
25.505127171072534,0.5878402757294051
22.424962908129125,0.8951902009905596
19.908764811445085,0.9998617780713371
27.671250725090825,0.23341293334619304
21.45207550037304,0.9594772073467899
14.981893689540591,0.599489563339166
13.42655211296718,0.40834478730245577
15.14819570088956,0.6010626305557771
19.119512900038462,0.9860028813425803
15.007300043163646,0.6410752881092187
26.994805633131552,0.40018417322849686
13.803529572712385,0.3505112726747384
27.15569170950625,0.2664211087726052
16.72233935791536,0.8156286026963899
14.622288585287285,0.5772151492101852
13.171108189111578,0.37491625837392556
21.907199148545164,0.9201205281877637
17.326425419183956,0.8739062807317992
25.329472656192934,0.609482625611428
19.2964089428888,0.9893172609784077
23.118635409463632,0.8039743820945233
19.251385312622702,0.9890145119763096
22.34466020940603,0.891200262580285
24.357450491688226,0.7233742291387281
23.12637716185229,0.8295520039721561
19.182203532069224,0.9865455795531718
23.179373426421886,0.8159537623953877
20.13396897915518,0.9995851293596991
22.59875522090044,0.8600891712827178

